Method                dataset         nl              ei1         ei2          fp         fn          rf        
Astral                1000            26              23          23           7          7           0.30434782608695654
Astral                1000            26              23          23           2          2           0.08695652173913043
Astral                1000            26              23          23           5          5           0.21739130434782608
Astral                1000            26              23          23           7          7           0.30434782608695654
Astral                1000            26              23          23           9          9           0.391304347826087
svd                   1000            26              23          23           8          8           0.34782608695652173
svd                   1000            26              23          23           4          4           0.17391304347826086
svd                   1000            26              23          23           6          6           0.2608695652173913
svd                   1000            26              23          23           2          2           0.08695652173913043
svd                   1000            26              23          23           9          9           0.391304347826087
out_final             1000            26              15          23           9          1           0.2631578947368421
out_final             1000            26              18          23           10         5           0.36585365853658536
out_final             1000            26              21          23           9          7           0.36363636363636365
out_final             1000            26              19          23           11         7           0.42857142857142855
out_final             1000            26              22          23           9          8           0.37777777777777777
Astral                100             26              23          23           16         16          0.6956521739130435
Astral                100             26              23          23           18         18          0.782608695652174
Astral                100             26              23          23           13         13          0.5652173913043478
Astral                100             26              23          23           10         10          0.43478260869565216
Astral                100             26              23          23           15         15          0.6521739130434783
svd                   100             26              23          23           11         11          0.4782608695652174
svd                   100             26              23          23           6          6           0.2608695652173913
svd                   100             26              23          23           13         13          0.5652173913043478
svd                   100             26              23          23           9          9           0.391304347826087
svd                   100             26              23          23           17         17          0.7391304347826086
out_final             100             26              20          23           19         16          0.813953488372093
out_final             100             26              22          23           16         15          0.6888888888888889
out_final             100             26              19          23           17         13          0.7142857142857143
out_final             100             26              19          23           13         9           0.5238095238095238
out_final             100             26              22          23           19         18          0.8222222222222222
Astral                500             26              23          23           8          8           0.34782608695652173
Astral                500             26              23          23           4          4           0.17391304347826086
Astral                500             26              23          23           5          5           0.21739130434782608
Astral                500             26              23          23           9          9           0.391304347826087
Astral                500             7               4           4            3          3           0.75      
svd                   500             26              23          23           8          8           0.34782608695652173
svd                   500             26              23          23           5          5           0.21739130434782608
svd                   500             26              23          23           6          6           0.2608695652173913
svd                   500             26              23          23           3          3           0.13043478260869565
svd                   500             26              23          23           11         11          0.4782608695652174
out_final             500             26              22          23           11         10          0.4666666666666667
out_final             500             26              21          23           18         16          0.7727272727272727
out_final             500             26              21          23           12         10          0.5       
out_final             500             26              20          23           12         9           0.4883720930232558
out_final             500             26              21          23           9          7           0.36363636363636365
out_final             500             7               3           4            3          2           0.7142857142857143
Astral                50              26              23          23           16         16          0.6956521739130435
Astral                50              26              23          23           17         17          0.7391304347826086
Astral                50              5               2           2            2          2           1.0       
Astral                50              5               2           2            2          2           1.0       
Astral                50              7               4           4            3          3           0.75      
svd                   50              26              23          23           12         12          0.5217391304347826
svd                   50              26              23          23           11         11          0.4782608695652174
svd                   50              26              23          23           14         14          0.6086956521739131
svd                   50              26              23          23           15         15          0.6521739130434783
svd                   50              26              23          23           17         17          0.7391304347826086
out_final             50              26              16          23           19         12          0.7948717948717948
out_final             50              26              22          23           17         16          0.7333333333333333
out_final             50              5               2           2            2          2           1.0       
out_final             50              7               4           4            3          3           0.75      
out_final             50              7               2           4            4          2           1.0       
Astral                250             26              23          23           11         11          0.4782608695652174
Astral                250             26              23          23           9          9           0.391304347826087
Astral                250             26              23          23           12         12          0.5217391304347826
Astral                250             26              23          23           8          8           0.34782608695652173
Astral                250             7               4           4            4          4           1.0       
svd                   250             26              23          23           7          7           0.30434782608695654
svd                   250             26              23          23           6          6           0.2608695652173913
svd                   250             26              23          23           6          6           0.2608695652173913
svd                   250             26              23          23           5          5           0.21739130434782608
svd                   250             26              23          23           11         11          0.4782608695652174
out_final             250             26              19          23           16         12          0.6666666666666666
out_final             250             26              19          23           15         11          0.6190476190476191
out_final             250             26              21          23           11         9           0.45454545454545453
out_final             250             26              19          23           11         7           0.42857142857142855
out_final             250             7               2           4            4          2           1.0       
